0 259
0 289
0 349
0 352
0 390
0 462
0 618
0 829
0 925
1 135
1 224
1 294
1 888
2 5
2 49
2 233
2 296
2 435
2 786
2 841
2 861
3 54
3 541
3 884
4 336
4 437
4 818
4 988
5 41
5 182
5 219
5 246
5 252
5 289
5 407
5 584
6 151
6 525
6 636
6 782
6 872
6 966
7 170
7 252
7 444
7 711
7 790
7 847
8 227
8 269
8 984
9 13
9 54
9 117
9 194
9 292
9 412
9 680
10 130
10 157
10 938
11 39
11 425
11 556
12 100
12 128
12 324
12 511
12 642
12 669
13 127
13 322
13 327
13 681
13 937
13 973
14 60
14 72
14 322
14 344
14 514
14 767
15 180
15 187
15 452
15 528
15 902
16 41
16 83
16 558
16 817
17 142
17 620
18 294
18 466
18 816
18 963
19 23
19 329
19 651
19 710
19 796
19 806
19 858
19 968
20 126
20 224
20 375
20 476
20 533
21 501
21 516
22 371
22 733
22 853
22 862
22 919
23 45
23 319
23 419
23 646
24 63
24 593
24 740
24 787
24 795
25 43
25 295
25 545
25 695
26 68
26 833
26 933
26 939
27 61
27 249
27 655
27 819
27 996
28 128
28 263
28 369
28 650
28 871
28 908
28 918
29 296
30 39
30 609
31 276
31 991
32 127
32 374
32 590
32 703
33 60
33 88
33 555
33 615
33 688
33 988
34 187
34 412
34 617
35 125
35 152
35 405
35 575
35 723
35 864
35 909
36 66
36 234
36 707
36 927
37 159
37 309
37 423
37 616
37 639
37 661
37 671
37 727
37 738
37 961
38 44
38 146
38 169
38 310
38 510
38 583
38 708
39 72
39 376
39 480
39 587
39 700
39 707
39 870
39 924
40 74
40 133
40 136
40 161
40 180
40 426
40 488
40 933
41 237
41 674
41 855
41 987
42 178
42 273
42 345
42 377
42 464
42 655
43 599
43 672
43 760
43 774
43 791
43 841
43 878
44 71
44 306
44 364
44 491
44 521
44 640
44 668
44 792
44 973
45 447
46 320
46 631
46 735
46 956
47 292
47 304
47 317
47 365
47 873
47 977
48 182
48 864
48 878
48 925
48 957
49 105
49 381
49 435
50 101
50 217
50 280
50 346
50 501
50 724
50 949
51 133
51 144
51 283
51 571
51 639
51 656
51 750
51 956
52 390
52 616
52 978
53 229
53 295
53 302
53 381
53 398
53 666
53 709
54 77
54 293
54 374
54 868
55 303
55 369
55 462
55 790
55 791
55 873
56 637
56 904
57 410
57 438
57 478
57 737
58 310
58 632
58 921
59 487
59 714
60 119
60 352
60 429
60 727
61 69
61 77
61 91
61 235
61 274
61 280
61 620
62 802
62 984
63 176
63 194
63 198
63 214
63 554
63 583
63 749
64 402
64 660
64 738
65 395
65 501
65 522
65 716
65 936
66 379
66 427
66 529
66 530
66 631
66 648
66 805
67 218
67 386
67 560
68 718
68 721
68 965
69 82
69 129
69 705
70 311
70 869
71 93
71 118
71 127
71 179
71 216
71 319
71 344
71 408
71 539
71 914
72 352
72 400
72 710
72 799
72 866
72 880
73 305
73 398
73 569
73 717
73 901
74 131
74 468
74 593
74 698
74 724
74 733
74 846
75 281
75 328
75 385
75 719
75 932
76 131
76 152
76 154
76 393
76 411
77 163
77 219
77 349
77 359
77 440
77 470
77 526
78 179
78 345
78 620
79 87
79 468
79 731
79 903
80 106
80 108
80 784
80 817
80 850
81 107
82 330
82 516
82 678
82 993
83 258
83 292
83 340
83 382
83 386
83 455
83 523
83 537
84 131
84 390
84 546
85 276
85 331
85 533
85 807
86 117
86 186
86 219
86 310
86 385
86 494
86 567
87 146
87 313
87 473
87 507
87 688
88 531
88 549
88 726
88 842
88 957
89 179
89 637
89 940
90 193
90 482
90 497
90 591
90 948
90 966
91 513
91 575
92 194
92 819
92 823
92 987
93 135
93 466
93 817
94 191
94 463
94 524
94 869
95 120
95 410
95 440
95 681
95 748
95 847
96 126
96 195
96 395
96 489
96 624
96 723
96 866
96 981
97 220
97 549
97 580
97 854
98 745
98 918
98 926
99 287
99 389
99 396
99 976
99 993
100 149
100 415
100 589
100 837
101 125
101 207
101 392
101 438
101 640
101 754
102 186
102 229
102 347
102 368
102 657
102 868
102 905
103 253
103 502
103 689
103 695
103 724
104 350
104 361
104 422
104 576
105 143
105 249
105 330
105 393
105 607
105 887
105 928
106 303
106 328
106 635
107 168
107 246
107 967
108 144
108 221
108 302
108 357
108 403
108 676
108 735
109 384
109 483
109 787
109 883
110 276
110 385
110 411
110 601
110 700
111 593
111 607
111 769
111 843
112 117
112 444
112 669
112 787
113 301
113 343
113 895
114 597
114 631
114 656
114 718
114 824
114 934
115 133
115 358
115 441
115 465
115 895
115 946
116 182
116 259
116 349
116 386
116 774
117 140
117 678
117 915
118 128
118 278
118 571
118 901
119 184
119 578
119 756
119 928
120 587
120 588
120 755
121 361
121 479
121 495
121 531
121 560
121 665
121 881
122 146
122 475
122 627
122 683
123 158
123 167
123 192
123 425
123 465
123 550
123 645
123 662
123 822
123 886
124 511
124 513
124 613
124 703
125 139
125 222
125 535
125 816
126 890
127 608
128 172
128 839
129 289
129 606
129 754
129 774
129 888
130 277
130 697
130 948
130 993
131 838
131 877
132 152
132 586
133 294
133 464
133 713
134 327
134 423
135 258
135 303
135 409
135 518
135 632
135 659
135 723
135 764
136 303
136 526
136 609
136 698
136 740
138 154
138 429
138 497
138 771
138 953
138 957
139 190
139 264
140 154
140 832
140 900
142 203
142 805
143 756
144 186
144 333
144 636
144 776
144 874
144 879
145 192
145 386
145 442
145 453
145 840
146 352
146 514
146 945
147 230
147 278
147 380
147 871
147 919
148 560
148 686
148 772
149 151
149 270
149 352
149 502
150 329
150 660
150 832
150 899
151 236
151 545
151 613
151 829
152 237
152 290
152 331
152 419
153 367
153 442
154 479
154 656
154 970
155 251
155 620
156 592
156 928
157 241
157 537
157 573
157 663
158 175
158 311
158 329
158 422
158 678
158 815
158 944
159 343
159 891
159 897
159 949
160 343
160 444
160 723
161 322
161 414
161 602
162 457
162 469
162 659
163 628
163 695
163 934
163 982
164 196
164 288
164 465
164 672
164 752
165 279
165 352
165 427
166 228
166 472
166 585
166 606
166 827
167 421
167 519
167 543
167 837
168 197
168 234
168 288
168 308
168 379
168 559
168 620
168 670
168 703
169 290
169 452
169 659
169 737
169 962
170 211
170 273
170 590
170 728
171 304
171 312
171 518
171 867
172 693
172 765
172 773
172 797
172 811
172 977
173 392
173 733
173 821
173 929
174 184
174 206
174 406
174 474
174 823
174 853
174 864
175 215
175 322
175 325
175 964
176 213
176 245
176 479
176 489
176 766
176 864
178 204
178 265
178 362
178 401
178 502
178 595
178 611
178 676
178 695
178 843
179 189
179 282
179 338
179 529
179 548
179 577
179 697
179 936
180 758
180 791
180 945
181 607
181 995
182 283
182 285
182 806
182 843
182 870
183 201
183 235
183 394
183 544
183 806
184 492
184 718
184 755
185 262
185 455
185 595
185 682
185 702
185 714
185 934
186 798
186 835
186 844
186 963
187 450
187 926
187 939
188 458
188 491
188 787
188 898
189 406
189 657
190 290
190 610
190 663
190 897
191 239
191 739
191 748
191 778
191 804
191 896
192 750
192 989
193 444
193 465
193 518
193 922
194 197
194 242
194 320
194 865
194 963
195 775
195 793
195 853
195 886
195 977
196 294
196 334
196 818
196 976
197 226
197 453
197 469
198 397
198 677
198 762
199 408
200 273
200 505
200 554
200 951
201 232
201 423
201 885
202 453
202 489
202 878
203 234
203 273
203 456
204 688
204 952
205 709
205 751
205 854
206 223
206 785
206 909
207 282
207 284
207 459
207 694
208 233
208 358
208 670
208 689
208 721
208 826
209 219
209 291
209 330
209 342
209 514
209 712
210 507
210 549
210 605
210 656
210 660
210 691
210 855
210 912
211 555
211 709
211 842
211 872
212 278
212 567
212 789
212 868
213 303
213 359
213 416
213 526
213 597
213 799
214 273
214 315
214 320
214 494
215 238
215 370
215 601
215 626
216 306
216 483
216 804
217 633
218 535
218 643
218 722
218 769
218 817
218 950
219 269
220 352
220 701
221 418
221 925
222 277
222 371
222 747
222 820
222 879
222 888
222 901
223 257
223 275
223 626
223 818
223 923
223 990
224 360
224 452
224 515
224 553
224 562
224 858
225 250
225 360
225 611
226 517
226 591
226 595
226 877
227 240
227 262
227 507
228 297
228 425
228 489
228 543
228 608
228 727
228 831
228 912
229 427
229 739
230 658
231 456
231 742
231 851
231 899
232 503
233 265
233 399
233 450
233 582
233 827
234 290
234 641
235 255
235 394
235 663
235 716
236 444
236 546
236 579
236 612
236 972
237 480
237 489
237 751
238 461
238 770
238 794
238 862
238 921
239 283
239 517
239 653
239 692
239 930
240 537
240 589
240 784
240 923
240 958
241 408
241 452
241 701
241 717
241 731
241 897
242 492
243 547
243 637
244 418
245 374
246 498
246 646
246 884
246 922
247 278
247 718
247 719
248 324
248 375
248 474
248 484
248 673
248 856
248 950
248 956
249 491
249 513
249 643
249 792
249 873
250 387
250 482
250 550
250 646
251 550
251 634
251 818
252 467
252 707
252 812
253 364
253 797
254 448
254 510
254 596
254 714
254 818
254 946
255 314
255 874
256 276
256 433
256 664
256 778
256 911
256 990
257 258
257 262
257 524
257 681
257 823
258 795
258 886
258 992
259 678
259 917
259 954
260 388
260 565
260 575
260 698
260 718
261 460
261 500
261 556
261 639
261 657
261 760
261 828
262 371
262 439
262 453
262 708
262 826
263 622
263 687
263 796
263 801
264 443
264 456
264 482
265 391
265 886
265 900
266 332
266 521
266 649
266 676
266 983
267 811
267 866
267 937
268 270
268 343
268 408
268 425
268 579
268 808
269 682
269 733
269 957
269 984
270 305
270 394
270 508
270 548
270 914
271 287
271 866
272 296
272 450
272 494
272 656
272 972
273 484
273 499
273 538
273 639
273 849
273 906
274 837
274 916
275 754
275 771
275 853
276 345
276 562
276 849
276 927
277 316
277 941
278 380
278 545
278 567
278 569
278 607
278 757
278 958
278 960
278 974
279 281
279 386
279 851
279 886
280 442
280 704
280 894
281 420
281 758
281 762
282 585
282 737
282 786
282 789
282 974
283 485
283 594
283 828
284 319
284 323
284 696
284 920
285 407
285 496
285 513
285 717
285 733
285 888
286 325
286 524
286 599
286 818
286 858
287 308
287 357
287 474
287 801
287 992
288 551
288 607
288 863
288 949
289 389
289 603
289 665
289 700
289 708
289 992
289 994
290 543
290 773
290 969
291 541
291 745
291 978
292 436
292 559
292 713
292 821
293 325
293 605
293 825
293 950
294 307
294 350
294 436
294 463
294 741
294 793
294 858
294 986
295 473
295 498
295 616
295 622
295 652
295 676
295 755
295 831
295 973
296 304
296 322
296 428
296 918
298 432
298 507
298 511
298 965
299 439
299 692
299 959
300 429
300 809
300 810
301 699
301 731
301 798
301 892
302 400
302 524
302 714
302 746
302 913
303 357
303 427
303 524
303 794
303 871
303 987
304 517
304 702
304 843
304 925
304 952
305 335
305 695
305 839
306 330
306 396
306 444
306 917
307 413
307 430
307 803
307 810
308 325
309 623
309 658
309 770
310 817
310 865
310 951
311 643
311 706
311 815
311 991
312 434
312 532
312 850
313 483
314 561
314 710
315 684
316 387
316 590
317 688
317 799
317 969
318 596
318 643
318 816
318 873
318 998
319 411
319 422
320 708
320 898
321 465
321 781
321 947
322 536
322 856
323 360
323 530
323 541
323 888
324 326
324 386
324 538
324 877
324 898
325 339
325 460
325 536
325 709
325 866
326 397
326 662
326 737
326 742
326 829
326 894
327 528
327 876
327 950
328 437
328 629
328 955
330 344
330 510
330 561
330 744
330 765
330 802
330 969
331 479
331 653
332 365
332 583
332 809
332 815
333 559
333 572
333 648
333 905
334 354
334 449
334 565
334 633
334 733
335 360
336 675
336 698
336 880
337 566
337 697
337 708
338 365
338 452
338 553
338 852
340 353
340 386
340 419
340 533
340 894
341 594
341 973
343 664
343 756
343 912
344 760
344 916
344 944
344 948
345 495
346 370
346 484
347 856
347 864
347 977
348 560
348 669
349 470
350 536
350 545
350 711
350 998
351 404
351 643
351 722
352 654
352 698
352 740
353 547
353 823
353 875
354 480
354 482
354 534
354 785
354 818
354 891
355 713
355 853
355 866
355 960
356 593
356 836
356 983
357 469
357 529
357 650
357 718
357 822
357 826
361 451
361 473
362 452
362 734
362 998
363 375
363 398
363 453
363 467
363 509
363 859
364 680
364 878
365 448
365 585
365 594
365 938
365 963
366 795
366 942
367 550
367 567
367 878
367 921
368 531
368 666
368 982
369 405
369 776
369 815
370 384
370 687
370 705
370 798
370 828
372 988
373 925
373 935
374 408
374 414
374 747
374 806
374 940
375 522
375 780
375 952
376 501
376 554
377 465
377 735
377 997
378 482
378 608
378 701
378 853
379 701
379 766
379 813
379 994
380 848
381 884
381 942
383 747
383 800
384 402
384 538
384 770
384 773
384 901
385 433
385 897
385 930
385 967
385 991
386 858
386 883
386 933
386 945
386 967
387 650
387 887
388 519
388 591
388 738
389 392
389 472
389 582
389 921
391 938
392 511
392 551
392 732
393 407
393 481
393 484
393 534
393 691
394 479
394 609
394 871
394 923
395 419
395 448
395 563
395 917
396 476
396 489
396 563
396 659
396 954
397 680
397 682
400 629
401 754
401 755
402 499
402 589
402 805
402 936
404 623
404 761
404 971
405 613
406 591
406 647
406 864
407 514
408 497
408 945
409 566
409 722
409 733
409 829
409 908
410 905
411 418
411 746
412 566
413 423
413 459
413 874
413 905
413 959
414 630
414 927
414 980
415 448
415 502
415 518
415 568
416 421
416 426
416 474
416 479
416 875
417 433
417 518
417 704
417 718
418 483
418 731
418 904
419 682
419 836
419 934
419 967
420 433
420 848
422 466
422 490
422 861
423 449
423 540
423 576
423 758
424 524
425 674
425 688
425 741
425 797
426 458
426 538
426 964
427 663
428 452
428 568
428 840
428 983
429 869
429 967
430 769
430 811
431 479
431 631
431 698
431 838
432 558
433 693
433 855
434 441
435 595
435 886
437 528
437 535
437 715
437 790
437 894
437 937
438 477
438 656
438 935
439 564
439 783
439 800
439 997
440 516
440 889
440 969
441 464
441 572
441 659
441 871
442 452
442 549
442 724
442 784
443 849
444 567
444 682
444 925
444 937
444 976
445 716
445 717
445 899
445 991
446 447
446 890
447 580
447 827
447 973
447 992
448 740
449 470
449 570
450 671
450 735
450 938
450 951
451 847
452 572
452 768
452 979
453 624
453 644
453 812
453 990
454 482
454 564
455 642
455 910
455 919
455 937
456 461
456 765
456 884
457 575
457 732
457 782
457 968
458 886
458 975
459 872
459 902
459 959
460 523
460 525
460 731
462 468
462 844
463 909
463 954
464 490
464 742
465 812
465 822
465 826
465 908
466 588
466 686
466 736
466 976
467 555
467 818
467 829
467 973
468 631
468 673
468 953
469 897
470 528
470 789
470 898
470 987
470 996
471 512
473 487
473 573
473 911
474 525
474 931
474 951
474 957
475 668
475 695
475 715
475 873
475 938
476 530
476 544
476 743
477 487
477 578
478 513
478 576
478 649
478 714
478 886
478 941
478 976
478 990
479 681
479 757
479 857
480 624
480 724
480 858
481 592
481 657
481 729
481 737
481 808
481 866
482 896
482 912
483 510
483 793
484 531
484 887
485 528
486 852
487 594
487 632
487 639
488 817
488 858
489 651
489 853
490 512
490 663
490 929
491 647
492 696
493 513
493 599
493 647
494 554
494 559
495 564
496 726
496 967
497 561
497 573
497 608
498 937
499 671
499 850
500 691
500 698
500 872
500 933
500 953
501 637
501 823
503 980
504 628
504 743
505 630
505 773
506 572
506 588
506 725
506 752
507 655
507 841
508 525
510 627
510 757
510 784
511 550
511 657
511 878
512 612
512 626
512 888
513 979
514 518
515 544
515 599
515 608
515 646
515 755
515 797
515 816
515 819
515 925
517 737
517 795
518 708
518 778
518 894
519 738
519 807
519 836
519 875
519 904
519 956
520 560
520 605
521 936
522 543
522 673
522 697
522 741
522 956
523 672
523 893
523 929
523 951
524 580
524 632
524 832
525 545
525 640
525 754
526 533
526 678
527 879
527 917
528 865
528 970
529 999
530 562
530 893
531 658
531 785
531 969
532 611
532 617
533 727
533 772
534 671
534 747
535 680
535 927
536 631
536 705
536 897
537 751
537 948
538 678
538 871
539 599
539 625
539 747
539 784
539 957
540 704
541 951
541 962
542 649
543 655
543 687
543 732
543 800
545 597
545 649
545 650
545 821
546 586
546 830
547 551
547 761
548 622
548 701
548 766
548 858
548 935
549 734
549 886
550 722
550 734
550 983
551 566
551 609
551 716
551 892
551 941
552 738
554 583
554 669
554 992
555 832
558 681
558 796
559 701
559 848
559 917
560 581
560 861
560 976
561 709
561 764
563 577
563 813
563 939
564 622
564 770
564 801
565 623
565 913
565 919
565 948
565 977
565 987
566 915
567 590
567 608
567 647
567 717
567 942
568 776
569 757
569 846
570 603
570 634
570 646
570 902
570 921
570 998
571 759
572 601
572 769
572 911
573 770
573 777
573 833
574 711
574 955
576 665
576 914
577 944
578 820
579 660
579 720
579 991
579 999
580 698
582 695
584 996
585 748
586 763
586 817
586 892
588 615
588 976
589 654
589 923
589 949
590 721
590 750
591 647
592 606
592 947
592 957
592 982
593 772
594 695
594 875
595 648
595 727
596 611
596 631
596 765
596 804
596 908
598 692
598 969
599 863
599 918
600 640
600 789
601 810
602 622
602 814
603 916
604 690
604 980
605 630
605 771
605 773
606 646
606 775
607 608
608 689
608 795
608 999
609 775
610 817
612 657
613 714
614 641
614 763
614 834
614 972
614 992
616 948
617 631
618 620
618 938
618 961
620 741
620 874
620 964
621 675
621 677
621 795
621 812
621 820
621 877
621 953
622 627
622 862
622 969
623 752
624 701
625 782
626 739
626 854
627 708
627 777
627 874
628 656
628 671
628 710
629 790
631 979
633 667
633 787
633 944
634 690
635 997
637 688
638 757
639 693
639 752
639 884
639 978
640 743
640 786
640 863
641 722
641 782
643 720
643 769
644 674
644 960
645 985
646 764
647 906
647 925
648 736
648 819
649 664
649 805
649 859
650 695
652 813
652 874
655 870
656 870
656 928
657 902
657 957
659 736
659 738
660 737
661 829
661 969
662 799
662 822
663 766
664 682
667 674
667 985
668 675
668 770
668 977
669 739
669 889
670 722
670 826
671 698
671 907
671 931
672 816
672 916
673 718
673 786
673 909
673 986
674 919
676 694
677 698
677 782
677 987
679 843
679 971
680 800
681 718
681 764
681 880
681 976
682 813
682 971
683 733
683 735
683 900
683 975
684 709
684 898
685 719
685 813
685 889
685 920
686 727
686 786
688 884
688 944
689 773
689 928
690 707
691 773
691 778
691 962
692 703
692 958
692 990
693 826
693 969
695 734
695 947
698 808
700 861
700 874
700 964
701 808
701 962
702 789
702 907
703 815
703 862
704 720
706 743
707 931
707 944
707 982
708 738
708 740
709 800
709 805
709 934
711 821
713 746
713 839
713 943
713 963
714 767
715 736
715 742
715 746
715 900
716 953
717 738
717 823
717 913
717 956
718 857
718 942
719 840
719 866
720 793
720 849
720 992
721 922
721 969
722 872
724 926
725 747
725 809
726 990
727 759
727 846
728 808
729 784
729 807
730 797
730 891
732 799
732 910
732 970
732 995
733 860
733 898
734 878
734 898
734 926
734 959
735 818
735 978
735 979
735 987
737 920
738 824
739 944
741 919
742 799
743 954
744 912
745 937
746 806
747 984
749 799
750 821
750 837
752 882
753 909
754 930
755 990
756 766
758 913
758 925
758 969
759 809
760 947
761 762
761 984
762 830
764 778
765 874
765 891
765 948
767 874
767 955
767 976
768 784
768 894
769 789
769 875
771 913
773 787
773 817
773 863
774 818
775 865
776 848
776 995
778 805
778 882
779 937
781 879
781 964
782 932
782 944
783 856
784 865
784 868
784 885
787 884
787 958
788 870
788 913
788 931
788 970
789 814
790 853
790 926
791 794
791 864
791 867
791 970
792 970
794 942
795 797
796 808
797 987
798 869
801 815
802 854
804 882
804 982
806 874
807 889
807 911
810 811
810 908
812 882
813 860
814 922
815 847
818 830
819 921
819 958
821 837
821 866
821 932
821 977
822 895
824 961
825 850
826 928
827 840
828 871
828 918
829 943
830 957
831 944
834 861
834 897
835 950
836 920
836 989
838 863
840 933
842 893
844 899
844 903
845 960
846 972
850 866
850 910
853 885
854 939
855 872
857 982
858 928
865 915
865 933
868 875
870 884
870 887
870 984
871 988
872 903
872 978
876 922
878 909
879 958
879 990
882 965
883 960
886 912
895 998
896 989
898 915
899 968
900 923
900 959
901 939
904 905
908 976
909 961
911 920
918 963
918 979
922 948
932 992
937 989
938 963
938 981
940 968
950 951
954 955
962 995
972 973
